year	month	monthly_avg
2007	1	NA
2007	2	NA
2007	3	-0.22734332759226125
2007	4	-0.17694671524295083
2007	5	-0.05642341068861666
2007	6	-0.02589080019139489
2007	7	-0.019525161137178153
2007	8	-0.1017870308863038
2007	9	-0.09412498707391566
2007	10	-0.0012188656705725033
2007	11	-0.10438830828248405
2007	12	0.030129874157037866
2008	1	0.11434971474539204
2008	2	0.006252489678399694
2008	3	0.008604778449165849
2008	4	0.0019733108507654163
2008	5	-0.010436085277343824
2008	6	-0.010297190389487143
2008	7	0.030958865990093027
2008	8	0.07942457529609868
2008	9	0.018289251462671227
2008	10	0.10361206701313938
2008	11	0.03244844658667369
2008	12	0.011683500412614775
2009	1	0.15259026884331214
2009	2	-0.04999767940523553
2009	3	-0.03834374083154209
2009	4	0.012799932495626576
2009	5	0.011806419808104915
2009	6	0.002826830603235538
2009	7	0.09007248091309548
2009	8	0.09914449042812518
2009	9	-0.02101792671752534
2009	10	NA
2009	11	0.24433767562540679
2009	12	0.17988755747102672
2010	1	0.03292204254465201
2010	2	0.09971663371019515
2010	3	0.01935501669823835
2010	4	-0.032189095432866424
2010	5	-0.08869356147169924
2010	6	-0.041880495680299085
2010	7	0.03141745742243015
2010	8	0.007543033387156886
2010	9	0.089375331663956
2010	10	0.1616094267460079
2010	11	0.1571395404172819
2010	12	0.0482591374365868
2011	1	0.016102626289144575
2011	2	0.11466966797050157
2011	3	-0.0779505597164664
2011	4	-0.012181806734158883
2011	5	0.04974677629406135
2011	6	0.006353794984686727
2011	7	-0.02542951180851993
2011	8	0.040537504466563935
2011	9	0.1551055251146723
2011	10	0.14857531269517857
2011	11	0.2343324985345639
2011	12	0.13017312131108486
2012	1	0.02827107220750416
2012	2	-0.14327491832223183
2012	3	-0.10990201433852369
2012	4	-0.03570715277699416
2012	5	-0.03587563927427472
2012	6	0.03496067510893249
2012	7	-0.004675766134378372
2012	8	0.11295426312042947
2012	9	0.04532304251036417
2012	10	0.12406381047346553
2012	11	0.14137348311215348
2012	12	0.14389895508141842
2013	1	0.09323452591062338
2013	2	-0.06430239604479224
2013	3	0.044539614557806494
2013	4	0.021559848206613587
2013	5	-0.03874859466142613
2013	6	-0.05438588266880769
2013	7	-0.003147008892432366
2013	8	0.06794842327931605
2013	9	NA
2013	10	0.13175440548130649
2013	11	-0.048477064292432225
2013	12	0.19420086108832987
2014	1	0.21132504997822268
2014	2	0.1940396067775688
2014	3	-0.05132147566521972
2014	4	-0.015538194403846763
2014	5	-0.058926679189067695
2014	6	-0.08224295345913477
2014	7	-0.04109855408806268
2014	8	-0.0070769130912413224
2014	9	-0.02034358879949012
2014	10	0.16324004127609568
2014	11	0.18296000031653617
2014	12	-0.012567203548043904
2015	1	0.022769676702174554
2015	2	-0.09633096190090666
2015	3	-0.10011377990012772
2015	4	-0.10243979868630636
2015	5	-0.030718348601765963
2015	6	-0.07233794339856589
2015	7	0.01746037701383978
2015	8	0.05020929885258227
2015	9	-0.02707165984036036
2015	10	0.07593317212878041
2015	11	0.12965292836766334
2015	12	0.2759877652188209
2016	1	0.18083362788967103
2016	2	0.14312360988002285
2016	3	-0.004969394571148575
2016	4	0.04973009596289157
2016	5	0.0642033556608865
2016	6	0.05022560903356588
2016	7	0.07122710121236828
2016	8	0.08451753033972306
2016	9	0.16334299964406612
2016	10	0.10147428737622538
2016	11	0.08200951687695983
2016	12	0.13729104153349245
2017	1	0.046384305921466314
2017	2	0.14448452468685863
2017	3	0.05358777921244488
2017	4	-0.040473850291256566
2017	5	0.08178995403250498
2017	6	0.022603975921926006
2017	7	-0.0033017762338232795
2017	8	0.006211780593386219
2017	9	0.040040330136841384
2017	10	NA
2017	11	0.04583939415831571
2017	12	0.036174464891813224
2018	1	0.12791875827910978
2018	2	-0.021082191593539492
2018	3	0.12839721569803733
2018	4	0.12875640425526752
2018	5	NA
2018	6	NA
2018	7	-0.026522700739685757
2018	8	-0.02028538816390678
2018	9	-0.010643120611557467
2018	10	0.021035191125255714
2018	11	0.1899879432232972
2018	12	0.1025274094424368
2019	1	-0.09125572755440903
2019	2	0.06245703687571321
2019	3	-0.031662228261166186
2019	4	0.009346247015746621
2019	5	-0.06362431781755909
2019	6	-0.020716626111855017
2019	7	-0.002188600165231583
2019	8	0.02777487165628951
2019	9	-0.09348887630269613
2019	10	NA
2019	11	0.05149108017872361
2019	12	0.1507161641123078
2020	1	0.10588978207307477
2020	2	0.14000105277048472
2020	3	-0.021217504418000497
2020	4	-0.05101951875805695
2020	5	-0.07655365281394175
2020	6	NA
2020	7	-0.060917019709009916
2020	8	0.061685212706124495
2020	9	0.024427759838055677
2020	10	0.10368306095634273
2020	11	0.13773278497758346
2020	12	0.12554721702559926
2021	1	0.0397949336846573
2021	2	0.18548819088933552
2021	3	-0.038248536221766494
2021	4	-0.06814257748446319
2021	5	0.025245713280911238
2021	6	-0.0381733976136872
2021	7	-0.02618453888232255
2021	8	-0.00676427067620558
2021	9	0.05461555590878693
2021	10	0.14438985978137733
2021	11	0.015802089868444613
2021	12	0.11250956440090212
2022	1	0.004601617787675986
2022	2	0.08362730503097804
2022	3	-0.023990998656539576
2022	4	-0.013161734038355508
2022	5	0.012538629832682549
2022	6	0.048345193687725135
2022	7	-0.05414231960495195
2022	8	-0.01865269572723531
2022	9	0.0564929167498779
2022	10	0.2222096824872024
2022	11	0.3227285260168242
2022	12	0.20949234646773157
2023	1	0.12371225768532747
2023	2	-0.03961707113650899
2023	3	0.13964383562207588
2023	4	0.029413638972268397
2023	5	-0.07373161565204861
2023	6	0.07032030745583617
2023	7	0.11487223190967681
2023	8	0.0693250008296826
2023	9	0.1526190448966379
2023	10	0.24708838852349885
2023	11	0.2149612020718927
2023	12	0.2066929371879005
2024	1	0.16596760774392735
2024	2	0.1636769974481423
2024	3	0.1448953645839891
2024	4	0.24926633790349084
2024	5	0.029155037317380735
2024	6	0.019459976279061875
2024	7	0.05060983592596539
2024	8	0.14966331556777593
2024	9	0.029121082109263816
2024	10	0.19705297221103538
2024	11	0.13494178550149083
2024	12	0.028941567491870084
