year	month	monthly_avg
2004	1	0.10554432489766195
2004	2	-0.030199994982835827
2004	3	-0.005995945876462137
2004	4	-0.02877263531883684
2004	5	-0.07685232210373927
2004	6	-0.007913111261804964
2004	7	-0.00854275168665099
2004	8	0.0712788602680726
2004	9	0.09376648276318644
2004	10	0.1534366587906015
2004	11	-0.009158413386875812
2004	12	0.08673228781060134
2005	1	0.11744830487670663
2005	2	NA
2005	3	NA
2005	4	NA
2005	5	-0.05460662313001284
2005	6	-0.01762648721302049
2005	7	-0.0280026928548503
2005	8	0.007889596187656917
2005	9	0.09110803875266218
2005	10	0.16688549469150968
2005	11	0.10526337040173922
2005	12	0.02031974552891502
2006	1	-0.001005324057254987
2006	2	0.0013174907507728058
2006	3	-0.003076313129504687
2006	4	-0.03802838205734899
2006	5	-0.017366899389899583
2006	6	0.014653058708710575
2006	7	0.00308542475899923
2006	8	-0.017009728088543737
2006	9	0.1676947196001734
2006	10	0.25211290908167305
2006	11	0.2897015400848311
2006	12	0.17841682235872908
2007	1	0.1485665867903406
2007	2	0.11699195486844939
2007	3	-0.01791015334028812
2007	4	-0.13002075614388528
2007	5	0.007650583196906343
2007	6	-0.0023757617117096076
2007	7	0.024602025750839047
2007	8	-0.03558791379090762
2007	9	-0.02914865163631193
2007	10	0.07425078458517506
2007	11	-0.002040137260530597
2007	12	0.12751245415147106
2008	1	0.19379407481889205
2008	2	0.09916544959847345
2008	3	NA
2008	4	-0.02359856819759899
2008	5	-0.057675009811392536
2008	6	-0.009940481315078957
2008	7	0.016230957009771597
2008	8	0.06118009512534375
2008	9	0.005095100827283411
2008	10	0.12416862869332654
2008	11	0.04584445574110298
2008	12	0.009012333082798486
2009	1	0.1502196731711183
2009	2	-0.09224060826346582
2009	3	-0.05150419570311732
2009	4	-0.04185055277321842
2009	5	-0.03162927554035855
2009	6	-0.059515175586732395
2009	7	0.04303010250596754
2009	8	0.09382083555028048
2009	9	-0.002845309418008091
2009	10	0.09000752629536128
2009	11	0.23465016740989253
2009	12	0.12980857209332272
2010	1	-0.02677215553203708
2010	2	0.01927852333963478
2010	3	-0.02194221863522672
2010	4	-0.08242085875201588
2010	5	-0.1352140261805544
2010	6	-0.08773800117099408
2010	7	0.028147338398243443
2010	8	-0.0017277856007602576
2010	9	0.06515110082944474
2010	10	0.14677974363279978
2010	11	0.12109468006317495
2010	12	0.020496216600154108
2011	1	0.0067136639771846855
2011	2	0.08497424452625646
2011	3	-0.10044655024559111
2011	4	-0.04060394482823798
2011	5	0.05621973610280965
2011	6	-0.0021307836634817867
2011	7	NA
2011	8	0.03394523193696563
2011	9	0.15430047475865033
2011	10	0.14265301863772037
2011	11	0.2090943590414505
2011	12	0.1274283353081357
2012	1	-0.013654998537937576
2012	2	-0.15939143384620766
2012	3	-0.13564554605096982
2012	4	-0.09915339821607794
2012	5	-0.09533370227306924
2012	6	-0.044432154391203675
2012	7	-0.07013190694944216
2012	8	0.030564593457287015
2012	9	0.021094619703875783
2012	10	0.0469475388942988
2012	11	0.10062558632391672
2012	12	0.08533204733288009
2013	1	0.016610353806069254
2013	2	-0.1334658370770108
2013	3	-0.10058293067901664
2013	4	-0.06219480392347316
2013	5	-0.11548953158054032
2013	6	-0.10838837320080694
2013	7	-0.05456921288995177
2013	8	0.014871476951729546
2013	9	-0.0316228196259954
2013	10	0.12033853071859713
2013	11	-0.0440375743334604
2013	12	0.2593546372279213
2014	1	0.25429234558022373
2014	2	0.20082205433262168
2014	3	-0.049572394801269716
2014	4	-0.02934779166469698
2014	5	-0.06031352448471839
2014	6	-0.08237621102536447
2014	7	-0.027888176437218214
2014	8	-6.703758742122572e-5
2014	9	-0.023162161622590254
2014	10	0.16993321328388844
2014	11	0.1606097923150138
2014	12	-0.029528787557864238
2015	1	2.998185930410281e-4
2015	2	-0.15186262416486115
2015	3	NA
2015	4	NA
2015	5	NA
2015	6	-0.12118271257449195
2015	7	NA
2015	8	NA
2015	9	NA
2015	10	NA
2015	11	NA
2015	12	NA
2016	1	NA
2016	2	NA
2016	3	NA
2016	4	-0.0822430985419376
2016	5	-0.04684596792845713
2016	6	-0.041306423632121024
2016	7	0.023731028298781577
2016	8	0.04362926922259541
2016	9	0.146486603083578
2016	10	0.031318223090050785
2016	11	0.034876631175240765
2016	12	0.12191666117849548
2017	1	0.009419227659369119
2017	2	0.08383155632027689
2017	3	-0.014868606957154695
2017	4	-0.0931103808429699
2017	5	0.0389602531872576
2017	6	0.09327686343173065
2017	7	0.05328920786682275
2017	8	0.06455415724040138
2017	9	0.09690980165224304
2017	10	0.1383931473879087
2017	11	0.04637785770158331
2017	12	0.033724389539285256
2018	1	0.11750468312230629
2018	2	-0.06436936729949116
2018	3	0.0513749838793004
2018	4	0.016577452310758158
2018	5	-0.057460632923837525
2018	6	-0.0657464364810193
2018	7	-0.030300762469987315
2018	8	0.04486205231247365
2018	9	0.06629338225454572
2018	10	0.09019280257066474
2018	11	0.21675150902964213
2018	12	0.14177683154320572
2019	1	-0.043014997335549233
2019	2	0.10492195037544107
2019	3	0.033074458159221276
2019	4	0.0037233715626037167
2019	5	-0.04549364619041846
2019	6	0.0013920097869200613
2019	7	0.07586481548776529
2019	8	0.05467473608075981
2019	9	NA
2019	10	NA
2019	11	NA
2019	12	NA
2020	1	NA
2020	2	0.22684086081356347
2020	3	0.02649686032541461
2020	4	-0.03244101595537962
2020	5	-0.02369827696440294
2020	6	0.027896775937145284
2020	7	0.03924376311378081
2020	8	0.06883863936991773
2020	9	0.0868641090426727
2020	10	0.14845134288292217
2020	11	0.18640266872547198
2020	12	0.15256396068498748
2021	1	0.04816023648296009
2021	2	0.16864223272001747
2021	3	-0.008507728866626494
2021	4	-0.06482219812307508
2021	5	0.023063356835321097
2021	6	-0.008122411502665076
2021	7	-0.0020393240073253664
2021	8	0.021211759430104005
2021	9	0.07166566032890313
2021	10	0.26405263367061177
2021	11	0.06598891601343822
2021	12	0.1286591622968715
2023	1	NA
2023	2	7.255505993951177e-4
2023	3	0.14030903190360175
2023	4	-0.0076996614546926394
2023	5	-0.10167160086563343
2023	6	0.06144873689924772
2023	7	0.15568742224748958
2023	8	0.12490179788670629
2023	9	0.1683779253729257
2023	10	0.26984987119025833
2023	11	0.26106178843541944
2023	12	0.2526050007277086
2024	1	0.18427099864186486
2024	2	0.19204584113504822
2024	3	NA
2024	4	-0.5556997975651992
2024	5	0.041874851355075994
2024	6	0.07150389385137855
2024	7	0.06472095803148649
2024	8	0.13470731446853867
2024	9	-0.029817732086387855
2024	10	0.09932869549448145
2024	11	0.030510313915528553
2024	12	-0.07798049987750183
