year	month	monthly_avg
2007	1	-0.02252021271760531
2007	2	-0.0019075952909508491
2007	3	-0.15433626097382744
2007	4	-0.23156725924544377
2007	5	-0.10852044904155218
2007	6	-0.059237390879435955
2007	7	-0.05679337476522847
2007	8	-0.12208209084122099
2007	9	-0.12976939708004173
2007	10	-0.05665099797927546
2007	11	-0.10645135209279527
2007	12	-0.03510622603211691
2008	1	0.05928173996820871
2008	2	-0.05572320858843019
2008	3	-0.09411362965954789
2008	4	-0.07196675342397744
2008	5	-0.10023820389374109
2008	6	-0.09429908731254388
2008	7	-0.04618707216947294
2008	8	-0.014701864466152067
2008	9	-0.057357581153239814
2008	10	0.013115054936881438
2008	11	-0.05208958330222058
2008	12	-0.08762529524491054
2009	1	0.05224002465497649
2009	2	NA
2009	3	-0.12439006262728677
2009	4	-0.09502844360884267
2009	5	-0.10826097164412624
2009	6	-0.08879059606242767
2009	7	-0.02076846904400416
2009	8	-0.022535445086264594
2009	9	-0.10010863056821849
2009	10	0.02415439055137741
2009	11	0.15699461761115494
2009	12	0.08953818930028036
2010	1	-0.07300183594474355
2010	2	0.00148526996023721
2010	3	-0.07534708867890227
2010	4	-0.14167549798621143
2010	5	-0.1667761514982257
2010	6	-0.1258477513114496
2010	7	-0.06849032576065237
2010	8	-0.07229091644971812
2010	9	-0.01281396793324161
2010	10	0.06375915881727771
2010	11	0.0610589327405132
2010	12	-0.03509552950102911
2011	1	-0.06851692195129841
2011	2	0.008701998098147326
2011	3	-0.17275579319357037
2011	4	-0.12139401177160433
2011	5	-0.06290756339320999
2011	6	-0.07724329665083926
2011	7	-0.0910348649033546
2011	8	-0.04252326118863699
2011	9	0.031265481615563646
2011	10	0.030792577535854213
2011	11	0.08386849429455089
2011	12	0.025956126095196003
2012	1	-0.08284448323940265
2012	2	-0.24522976102210287
2012	3	-0.21393008542808575
2012	4	-0.07200993068504001
2012	5	-0.10155129892960549
2012	6	-0.03041213287899891
2012	7	-0.07129958993309135
2012	8	0.008563503042058036
2012	9	-0.01870562330721335
2012	10	0.061471351054038836
2012	11	0.10310818595313108
2012	12	0.08504894769821125
2013	1	0.029217687237912085
2013	2	-0.09848574054108933
2013	3	0.0209562748549468
2013	4	-0.0406611856900629
2013	5	-0.1235471579454485
2013	6	-0.1436971957235484
2013	7	-0.10700557863485381
2013	8	-0.06365840320054818
2013	9	-0.06538255509743614
2013	10	0.09514732129620365
2013	11	-0.06827434510011923
2013	12	0.13075907670416367
2014	1	0.12858639544576594
2014	2	0.12498168900261794
2014	3	-0.12625259968723054
2014	4	-0.08118365818779257
2014	5	-0.12156771515690551
2014	6	-0.13713843774477985
2014	7	-0.09624023819343938
2014	8	-0.05217699534928525
2014	9	-0.06981648515244898
2014	10	0.10418597682126571
2014	11	0.12808904603009846
2014	12	-0.06359809185370179
2015	1	-0.03728859921488739
2015	2	-0.17405417926076783
2015	3	-0.17585975590156527
2015	4	-0.17612751956637243
2015	5	-0.08909329223903269
2015	6	-0.14205329897237537
2015	7	-0.05739361329594212
2015	8	-0.018418998798493798
2015	9	-0.07049224705916342
2015	10	0.013404352284579958
2015	11	0.07021810498997655
2015	12	0.18235490551800082
2016	1	0.10273772183651543
2016	2	-0.01311869207916951
2016	3	-0.1624814383091888
2016	4	-0.08094701190427127
2016	5	-0.079509688707761
2016	6	-0.09561764727929746
2016	7	-0.0781888469979679
2016	8	-0.06698476620544506
2016	9	5.756977998431794e-4
2016	10	-0.05552005746713227
2016	11	-0.05200472646460847
2016	12	-0.00976793373203916
2017	1	-0.10254529163419827
2017	2	-0.010997890959441786
2017	3	-0.08833492891348622
2017	4	-0.185141061000928
2017	5	-0.0528284486989733
2017	6	-0.031500288417128056
2017	7	-0.04925392231024071
2017	8	-0.04260293813973485
2017	9	-0.0021123945270805464
2017	10	0.0303694756390276
2017	11	-0.03716855081809746
2017	12	-0.05069033767002075
2018	1	NA
2018	2	-0.0767913407190918
2018	3	0.12234263357155711
2018	4	0.04785165159690706
2018	5	-0.044920224788640814
2018	6	-0.035018281339228165
2018	7	-1.9217196405081708e-5
2018	8	0.03911043388837379
2018	9	0.05153588448687446
2018	10	0.0716329811031559
2018	11	0.22710279403639239
2018	12	0.13667767771546468
2019	1	-0.05497029434939298
2019	2	0.053233379385141444
2019	3	0.013997709873679955
2019	4	0.031220524941048763
2019	5	-0.19034923257704978
2019	6	-0.2157228997005733
2019	7	-0.2017543900100888
2019	8	-0.11916512946945756
2019	9	-0.12139502005417856
2019	10	-0.0050328212966713965
2019	11	-0.03082277862506389
2019	12	0.01498542496016691
2020	1	-0.041826656001342014
2020	2	-0.01015120410331264
2020	3	-0.17420215022068972
2020	4	-0.17654891362637612
2020	5	-0.20305896681922542
2020	6	-0.11814068912392002
2020	7	-0.14703450728862702
2020	8	-0.08312250632445263
2020	9	-0.11283354189656562
2020	10	-0.03388987749359577
2020	11	-0.003938003705679229
2020	12	0.03010735922236823
2021	1	-0.0724788580238447
2021	2	0.021073122589476176
2021	3	-0.16970061943004805
2021	4	-0.19059697845343657
2021	5	-0.0847390947391491
2021	6	-0.15102682644962612
2021	7	-0.11896139239644465
2021	8	-0.11303689440789172
2021	9	-0.05742543723353421
2021	10	0.03157001497081831
2021	11	-0.09860065202974785
2021	12	-0.008910672017572573
2022	1	-0.1207377787384207
2022	2	-0.03037620955035152
2022	3	-0.1776413342338811
2022	4	-0.13309965638054827
2022	5	-0.10746068500148592
2022	6	-0.07851764407878647
2022	7	-0.15110733405264964
2022	8	-0.12436392573709298
2022	9	-0.04171036158149408
2022	10	0.08665370477364623
2022	11	0.1832902560613731
2022	12	0.08417991821374424
2023	1	-0.0019331104952624563
2023	2	-0.18383270164191026
2023	3	0.0188198753989774
2023	4	-0.10234572024450504
2023	5	-0.18756108655508058
2023	6	-0.07277294846601849
2023	7	NA
2023	8	-0.03884939256900488
2023	9	0.040581739199161464
2023	10	0.1321392879076913
2023	11	0.09704051324235032
2023	12	0.07189267376745134
2024	1	0.01687630755702412
2024	2	0.04139713127582284
2024	3	0.008777540465633634
2024	4	0.12563990328109403
2024	5	-0.20395919387440226
2024	6	-0.13163390251840892
2024	7	-2.201585307957845
2024	8	0.01038903232126375
2024	9	-0.10934967471048061
2024	10	0.06435935430710141
2024	11	-0.06807329745016108
2024	12	-0.09915215337644333
